0,0,0,0,0
1,1,22,1,19
2,20,33,1,14
3,33,47,1,15
4,47,62,1,17
5,61,75,1,17
6,74,93,1,20
7,91,108,1,13
8,106,122,1,18
9,121,138,1,17
10,138,157,1,17
11,156,172,1,17
12,171,185,1,14
13,183,198,1,11
14,196,213,1,19
15,213,230,1,20
16,230,247,1,19
17,246,261,1,17
18,260,273,1,14
19,272,289,1,18
20,288,304,1,17
21,304,322,1,18
22,321,335,1,18
23,334,351,1,20
24,349,365,1,16
25,363,380,1,20
26,379,396,1,17
27,395,411,1,17
28,411,426,1,17
29,426,444,1,18
30,443,460,1,16
31,459,475,1,13
32,474,487,1,14
33,486,500,1,14
34,499,516,1,17
35,514,529,1,15
36,528,545,1,17
37,544,561,1,19
38,559,575,1,16
39,573,591,1,18
40,590,608,1,17
41,607,623,1,15
42,622,638,1,17
43,638,654,1,18
44,654,670,1,19
45,669,684,1,17
46,181,200,10,26
47,456,475,11,32
48,34,53,12,32
49,90,112,12,32
50,488,503,12,28
51,605,626,12,33
52,16,34,13,32
53,136,152,13,28
54,152,167,13,33
55,166,185,13,33
56,258,275,13,27
57,474,489,13,32
58,516,531,13,29
59,51,65,14,34
60,225,240,14,31
61,240,259,14,32
62,288,308,14,34
63,347,365,14,31
64,440,457,14,30
65,502,519,14,32
66,636,653,14,33
67,64,80,15,35
68,208,226,15,34
69,273,292,15,33
70,393,411,15,33
71,424,442,15,33
72,558,579,15,33
73,577,594,15,32
74,620,640,15,37
75,651,667,15,33
76,107,124,16,36
77,122,138,16,35
78,378,394,16,31
79,410,427,16,31
80,527,545,16,33
81,592,608,16,33
82,666,684,16,34
83,1,18,17,32
84,79,94,17,34
85,305,322,17,34
86,321,336,17,33
87,543,560,17,34
88,196,209,18,32
89,335,349,18,32
90,362,380,18,35
91,136,156,24,47
92,181,200,24,43
93,256,276,25,43
94,483,504,27,43
95,516,533,27,45
96,14,31,28,49
97,29,47,28,45
98,149,171,28,49
99,437,456,28,46
100,653,672,28,48
101,89,107,29,46
102,228,242,29,46
103,346,364,29,48
104,376,392,29,48
105,408,428,29,51
106,455,473,29,46
107,562,582,29,49
108,620,640,29,49
109,46,62,30,47
110,123,147,30,55
111,318,332,30,46
112,330,347,30,49
113,578,595,30,48
114,592,608,30,52
115,606,622,30,50
116,1,14,31,47
117,105,123,31,47
118,194,212,31,50
119,211,230,31,51
120,240,260,31,50
121,272,292,31,50
122,291,307,31,50
123,391,408,31,50
124,426,442,31,48
125,470,487,31,49
126,501,519,31,49
127,545,563,31,49
128,638,655,31,49
129,77,93,32,45
130,169,185,32,46
131,530,546,32,51
132,60,78,33,50
133,307,321,33,49
134,361,379,33,50
135,668,684,33,51
136,115,136,38,61
137,16,36,42,63
138,34,51,42,62
139,75,92,42,58
140,179,198,42,60
141,256,275,42,60
142,485,505,42,61
143,516,537,42,61
144,51,67,44,61
145,90,106,44,62
146,167,182,44,58
147,318,338,44,60
148,402,421,44,64
149,418,440,44,64
150,439,458,44,62
151,456,475,44,64
152,637,655,44,66
153,1,20,45,62
154,105,119,45,61
155,227,246,45,65
156,347,366,45,65
157,624,642,45,61
158,136,153,46,63
159,206,227,46,64
160,287,304,46,61
161,334,349,46,63
162,366,382,46,65
163,381,398,46,67
164,597,613,46,62
165,652,670,46,65
166,152,169,47,64
167,303,319,47,63
168,473,488,47,62
169,502,519,47,62
170,532,552,47,67
171,549,565,47,64
172,577,598,47,68
173,611,628,47,63
174,192,208,48,67
175,245,263,48,65
176,562,580,48,64
177,64,78,49,63
178,271,291,49,68
179,393,412,49,72
180,668,684,49,68
181,216,235,54,78
182,44,63,56,75
183,165,187,56,75
184,425,446,56,78
185,73,94,57,77
186,122,139,57,75
187,516,533,57,75
188,107,124,58,76
189,184,200,58,76
190,407,427,58,81
191,591,608,58,76
192,16,35,59,79
193,259,276,59,74
194,289,306,59,74
195,317,336,59,77
196,334,352,59,76
197,500,521,59,78
198,607,624,59,79
199,623,643,59,79
200,1,17,60,77
201,91,109,60,80
202,137,155,60,78
203,200,218,60,77
204,487,502,60,76
205,529,548,60,81
206,32,49,61,93
207,59,76,61,79
208,440,459,61,82
209,472,490,61,78
210,241,261,62,81
211,305,319,62,77
212,363,380,62,79
213,458,474,62,78
214,560,578,62,78
215,576,592,62,79
216,641,657,62,80
217,152,168,63,78
218,227,244,63,82
219,547,562,63,78
220,654,670,63,79
221,377,393,64,84
222,275,292,65,78
223,348,366,65,82
224,391,409,65,85
225,668,684,65,78
226,421,442,67,94
227,184,203,68,86
228,46,64,72,93
229,104,123,72,89
230,592,611,72,93
231,69,91,73,93
232,212,229,73,90
233,257,278,73,91
234,287,305,73,92
235,332,353,73,93
236,449,470,73,92
237,516,535,73,92
238,565,584,73,91
239,121,139,74,93
240,165,186,74,93
241,301,319,74,93
242,610,627,74,91
243,28,42,75,95
244,87,107,75,97
245,137,153,75,89
246,317,335,75,94
247,487,504,75,92
248,546,566,75,95
249,1,16,76,93
250,152,167,76,96
251,197,214,76,92
252,469,488,76,94
253,653,669,76,91
254,669,684,76,94
255,14,30,77,95
256,502,518,77,93
257,577,601,77,98
258,624,642,77,98
259,58,74,78,94
260,274,292,78,96
261,365,383,78,96
262,397,412,78,96
263,435,451,78,95
264,227,244,79,96
265,242,259,79,93
266,410,428,79,96
267,383,398,80,95
268,531,548,80,95
269,640,656,80,96
270,351,366,81,96
271,180,201,82,104
272,32,52,84,104
273,601,625,85,106
274,104,122,87,106
275,134,154,87,108
276,213,233,87,105
277,254,273,87,105
278,559,579,87,109
279,438,458,88,107
280,337,356,89,106
281,457,473,89,105
282,482,503,89,110
283,653,672,89,108
284,40,63,90,112
285,118,137,90,110
286,287,305,90,108
287,405,426,90,109
288,516,533,90,106
289,542,562,90,119
290,167,184,91,110
291,194,217,91,114
292,269,288,91,111
293,304,322,91,108
294,321,340,91,109
295,502,518,91,107
296,668,684,91,110
297,1,20,92,113
298,18,37,92,110
299,72,92,92,113
300,150,173,92,114
301,241,257,92,107
302,378,395,92,109
303,60,74,93,110
304,91,110,93,111
305,425,439,93,108
306,468,485,93,110
307,528,545,93,111
308,572,593,93,113
309,366,378,94,107
310,394,406,94,108
311,591,608,94,118
312,622,639,94,110
313,227,244,95,112
314,354,367,95,109
315,638,655,95,111
316,436,454,102,120
317,488,508,102,126
318,603,626,102,123
319,29,46,103,123
320,180,199,103,123
321,410,429,103,121
322,550,566,103,123
323,86,105,104,124
324,103,121,104,122
325,146,167,104,122
326,211,231,104,123
327,257,274,104,120
328,338,358,104,123
329,453,474,104,125
330,367,383,105,121
331,383,398,105,120
332,560,580,105,126
333,164,184,106,127
334,241,260,106,125
335,286,307,106,127
336,305,324,106,123
337,395,412,106,125
338,504,521,106,126
339,518,533,106,120
340,586,598,106,121
341,653,672,106,125
342,62,79,107,127
343,134,154,107,125
344,625,641,107,124
345,15,30,108,124
346,322,340,108,124
347,355,371,108,126
348,422,442,108,130
349,472,489,108,125
350,671,684,108,125
351,44,64,109,128
352,119,135,109,124
353,226,243,109,125
354,271,287,109,125
355,197,219,110,138
356,529,547,110,125
357,640,654,110,125
358,1,17,111,126
359,75,96,111,131
360,188,207,111,132
361,577,591,111,125
362,590,610,114,134
363,378,400,116,140
364,542,563,116,140
365,608,627,116,136
366,436,458,117,136
367,399,423,118,143
368,152,169,119,135
369,167,188,119,140
370,259,274,119,135
371,304,323,119,138
372,514,532,119,137
373,105,124,120,137
374,336,351,120,136
375,364,380,120,142
376,485,501,120,135
377,559,579,120,140
378,17,33,121,134
379,32,50,121,137
380,124,139,121,137
381,206,229,121,142
382,272,292,121,139
383,347,366,121,140
384,90,109,122,140
385,138,156,122,139
386,174,198,122,146
387,227,248,122,141
388,245,261,122,138
389,320,338,122,141
390,623,640,122,140
391,638,656,122,142
392,652,668,122,140
393,667,684,123,141
394,1,19,124,139
395,289,311,124,144
396,454,474,124,143
397,499,517,124,141
398,529,544,124,139
399,577,595,124,141
400,63,78,125,149
401,415,437,125,144
402,472,488,125,140
403,49,64,126,140
404,75,93,129,150
405,393,415,129,165
406,435,457,132,153
407,14,33,133,153
408,153,175,133,154
409,260,278,133,152
410,486,504,133,150
411,565,579,133,152
412,592,610,133,149
413,608,627,133,152
414,214,232,134,157
415,311,330,134,153
416,514,533,134,157
417,31,47,135,153
418,275,295,135,155
419,328,349,135,156
420,533,553,135,156
421,44,65,136,154
422,105,122,136,152
423,122,139,136,154
424,186,202,136,156
425,656,672,136,153
426,243,263,137,157
427,552,569,137,155
428,624,642,137,156
429,1,17,138,154
430,136,155,138,156
431,201,215,138,156
432,348,367,138,155
433,366,385,138,156
434,416,439,138,156
435,89,107,139,154
436,227,247,139,159
437,303,328,139,160
438,384,402,139,157
439,470,490,139,156
440,640,658,139,157
441,671,684,139,153
442,501,516,140,156
443,575,595,140,156
444,170,190,141,160
445,452,471,141,157
446,59,77,142,164
447,292,307,142,156
448,407,420,144,163
449,74,92,146,168
450,353,375,147,168
451,271,290,148,168
452,593,612,148,164
453,486,505,149,168
454,14,33,150,167
455,28,46,150,171
456,88,109,150,169
457,104,126,150,170
458,147,165,150,171
459,254,275,150,173
460,305,324,150,169
461,322,339,150,168
462,526,547,150,169
463,564,579,150,169
464,132,148,151,170
465,436,453,151,169
466,501,523,151,172
467,608,626,151,168
468,119,139,152,173
469,195,212,152,172
470,546,565,152,171
471,654,672,152,169
472,1,20,153,171
473,45,64,153,169
474,163,183,153,174
475,211,227,153,173
476,225,245,153,174
477,287,309,153,173
478,336,355,153,174
479,387,409,153,174
480,415,437,153,175
481,671,684,153,167
482,182,196,154,171
483,578,595,154,169
484,624,641,154,170
485,241,259,155,176
486,369,390,155,177
487,470,489,155,172
488,640,655,155,170
489,449,473,156,178
490,514,533,156,177
491,406,429,160,189
492,61,79,163,180
493,591,611,163,184
494,11,29,164,183
495,87,109,164,185
496,272,292,165,184
497,350,375,165,187
498,137,153,166,183
499,321,341,166,186
500,482,503,166,189
501,573,594,166,187
502,669,684,166,180
503,26,44,167,186
504,73,91,167,186
505,305,324,167,190
506,429,452,167,187
507,529,548,167,189
508,560,575,167,189
509,609,626,167,182
510,152,169,168,183
511,655,670,168,182
512,44,65,169,187
513,105,122,169,186
514,168,188,169,187
515,186,200,169,182
516,498,520,169,194
517,547,560,169,186
518,641,657,169,185
519,1,12,170,182
520,121,140,170,187
521,199,214,170,184
522,227,246,170,187
523,466,484,170,189
524,624,642,170,187
525,214,229,171,186
526,256,278,171,192
527,387,412,171,196
528,289,307,172,190
529,245,257,173,185
530,333,354,174,196
531,514,537,175,198
532,369,391,176,199
533,449,468,176,195
534,412,440,177,203
535,61,76,179,194
536,667,684,179,199
537,1,18,180,199
538,32,51,180,203
539,650,668,180,199
540,16,33,181,199
541,606,628,181,206
542,136,153,182,199
543,152,170,182,200
544,184,200,182,197
545,211,227,182,199
546,576,596,182,207
547,593,610,182,206
548,88,107,183,201
549,106,125,183,201
550,197,213,183,201
551,275,294,183,203
552,317,336,184,205
553,348,371,184,206
554,638,652,184,201
555,49,65,185,201
556,72,90,185,202
557,226,244,185,202
558,243,263,185,202
559,293,311,185,202
560,437,460,185,208
561,545,565,185,209
562,124,139,186,201
563,169,187,186,202
564,562,584,187,214
565,625,642,187,205
566,304,320,188,205
567,460,483,188,215
568,483,503,188,214
569,260,282,189,208
570,529,549,189,213
571,403,424,190,213
572,58,78,193,212
573,328,352,193,211
574,365,387,194,210
575,387,405,194,210
576,499,521,194,221
577,217,232,195,212
578,16,34,196,218
579,281,305,196,215
580,445,472,196,220
581,30,46,197,218
582,138,156,197,216
583,155,172,197,216
584,183,202,197,215
585,648,667,197,215
586,1,20,198,217
587,92,108,198,216
588,199,225,198,221
589,423,446,198,219
590,518,537,198,222
591,666,684,198,215
592,44,61,199,217
593,75,93,199,218
594,107,124,200,217
595,122,139,200,218
596,302,329,200,220
597,168,186,201,219
598,227,245,201,216
599,243,263,201,219
600,637,651,201,217
601,615,640,202,223
602,587,606,203,226
603,348,370,204,213
604,375,400,204,213
605,567,594,205,231
606,600,621,205,231
607,261,281,207,224
608,545,568,208,230
609,58,78,209,229
610,278,302,209,226
611,320,343,209,224
612,357,380,209,220
613,399,416,209,220
614,488,510,209,229
615,338,359,210,219
616,179,199,211,232
617,366,391,211,225
618,389,406,211,220
619,413,434,211,225
620,471,490,211,232
621,528,550,211,229
622,32,52,212,230
623,150,165,212,233
624,214,233,212,236
625,133,152,213,233
626,650,668,213,229
627,16,34,214,231
628,90,107,214,233
629,433,456,214,228
630,666,684,214,233
631,73,90,215,231
632,158,183,215,237
633,231,247,215,235
634,297,321,215,229
635,634,654,215,237
636,1,16,216,230
637,47,69,216,236
638,106,122,216,232
639,455,474,216,237
640,120,136,217,235
641,195,217,217,241
642,335,362,217,228
643,243,264,218,238
644,313,337,218,237
645,377,400,218,232
646,397,416,218,229
647,510,531,218,232
648,351,379,219,233
649,408,430,219,231
650,557,577,219,235
651,615,638,221,243
652,260,282,222,238
653,494,518,222,231
654,278,297,223,236
655,425,442,223,232
656,439,460,224,236
657,589,607,224,241
658,331,353,225,244
659,295,319,226,238
660,365,388,226,248
661,469,484,226,238
662,526,542,226,234
663,384,409,227,256
664,403,423,227,247
665,541,560,227,237
666,31,50,228,248
667,73,94,228,247
668,455,473,228,248
669,483,501,228,237
670,646,669,228,249
671,61,75,229,245
672,108,126,229,247
673,183,203,229,247
674,575,596,229,240
675,606,619,229,243
676,1,16,230,245
677,14,32,230,249
678,135,157,230,251
679,318,334,230,246
680,342,367,230,247
681,421,446,230,243
682,500,518,230,236
683,517,535,230,235
684,93,109,231,247
685,558,580,231,241
686,153,170,232,255
687,262,284,232,245
688,482,502,232,245
689,668,684,232,247
690,231,246,233,251
691,242,264,233,249
692,288,310,233,243
693,412,432,233,254
694,498,516,233,246
695,535,559,233,241
696,48,62,234,247
697,120,139,234,255
698,170,188,234,256
699,211,233,234,259
700,445,460,234,248
701,470,485,234,242
702,514,534,234,240
703,627,648,234,251
704,270,293,235,252
705,533,556,235,246
706,556,584,235,245
707,580,599,235,250
708,299,320,237,250
709,599,615,237,246
710,483,504,238,263
711,516,537,238,258
712,198,218,240,260
713,428,442,240,257
714,592,611,240,251
715,274,302,241,256
716,430,456,241,268
717,452,473,241,264
718,470,487,241,259
719,502,521,241,265
720,569,590,241,254
721,610,630,241,255
722,321,338,242,255
723,335,355,242,257
724,369,387,242,264
725,532,553,242,258
726,551,573,242,256
727,59,76,243,261
728,246,271,243,260
729,1,18,244,259
730,89,105,244,264
731,350,374,244,266
732,74,91,245,262
733,103,125,245,267
734,308,327,245,270
735,587,607,245,263
736,47,60,246,257
737,181,204,246,267
738,666,684,246,265
739,30,49,247,264
740,291,309,247,263
741,399,419,247,270
742,646,670,247,272
743,16,30,248,262
744,222,247,248,267
745,599,623,248,263
746,613,629,248,270
747,630,650,248,266
748,252,278,249,267
749,135,156,250,272
750,214,239,250,271
751,382,400,250,263
752,458,488,250,277
753,542,570,250,267
754,272,302,251,280
755,570,597,251,272
756,150,170,253,277
757,319,352,253,274
758,413,436,253,276
759,168,187,254,280
760,627,641,254,278
761,119,140,255,278
762,514,535,255,278
763,45,63,256,273
764,566,586,256,274
765,61,80,257,275
766,524,543,257,282
767,605,625,257,275
768,1,19,258,276
769,78,99,258,276
770,200,220,258,272
771,224,253,258,277
772,299,318,258,277
773,542,562,259,284
774,360,385,260,281
775,501,520,260,280
776,18,31,261,274
777,378,394,261,278
778,475,502,261,284
779,588,615,261,286
780,28,48,262,279
781,96,118,262,283
782,255,276,262,282
783,343,370,262,286
784,385,405,262,280
785,455,471,262,283
786,662,684,262,278
787,639,664,263,282
788,231,258,264,282
789,444,461,264,290
790,558,579,264,290
791,184,202,265,279
792,420,447,265,284
793,205,227,266,282
794,115,125,267,279
795,326,344,267,285
796,401,423,267,283
797,498,517,268,287
798,621,633,268,285
799,615,627,269,287
800,139,151,270,280
801,185,213,270,285
802,308,328,270,293
803,577,592,270,300
804,43,62,272,290
805,289,310,272,291
806,16,32,273,289
807,60,79,273,293
808,129,140,273,284
809,149,173,274,294
810,267,281,274,290
811,543,566,274,298
812,1,18,275,292
813,78,98,275,294
814,456,480,275,299
815,527,547,275,297
816,171,188,276,286
817,209,232,276,293
818,245,267,276,293
819,603,618,276,294
820,660,684,276,293
821,115,137,277,300
822,378,408,277,292
823,631,646,277,292
824,280,290,278,292
825,347,376,278,298
826,506,530,278,294
827,29,46,279,293
828,137,150,279,291
829,408,433,279,291
830,443,459,279,298
831,190,213,280,294
832,222,246,280,299
833,433,447,280,298
834,561,583,280,303
835,643,663,280,298
836,95,115,281,298
837,364,389,281,305
838,479,503,281,298
839,325,348,282,300
840,264,276,283,293
841,586,612,283,307
842,172,192,284,301
843,397,414,284,306
844,464,476,284,307
845,608,629,284,302
846,625,640,284,303
847,161,181,285,303
848,423,440,285,309
849,190,211,286,304
850,280,300,286,304
851,299,318,286,302
852,496,514,286,302
853,13,30,287,306
854,132,147,287,311
855,413,427,287,310
856,42,61,288,307
857,266,281,288,303
858,384,400,288,308
859,203,224,289,315
860,247,268,289,312
861,635,645,289,306
862,145,164,290,303
863,231,251,290,308
864,312,327,290,308
865,1,15,291,308
866,527,550,291,314
867,643,660,291,311
868,658,684,291,312
869,29,43,292,308
870,60,79,292,309
871,77,98,293,314
872,324,336,293,308
873,471,490,293,310
874,510,529,293,307
875,546,563,293,313
876,96,121,295,318
877,346,371,295,314
878,439,457,295,313
879,163,181,296,308
880,178,195,296,310
881,333,350,296,313
882,449,469,296,318
883,480,499,296,317
884,218,233,297,323
885,289,316,297,318
886,370,395,297,322
887,617,635,298,321
888,118,135,299,319
889,563,590,299,326
890,588,607,299,318
891,604,620,299,320
892,141,161,300,306
893,180,205,300,319
894,265,289,300,321
895,396,416,300,314
896,495,515,300,322
897,559,573,301,313
898,15,34,302,323
899,147,165,302,309
900,640,654,302,319
901,49,68,303,326
902,625,650,303,325
903,652,671,303,329
904,32,50,304,327
905,229,250,304,327
906,432,442,304,322
907,512,533,304,328
908,314,337,305,325
909,467,482,305,328
910,132,148,306,319
911,164,184,306,323
912,197,220,306,327
913,408,434,306,327
914,455,469,306,331
915,475,502,306,329
916,1,16,307,321
917,66,86,307,325
918,151,167,307,319
919,278,297,307,328
920,139,153,308,322
921,244,272,308,330
922,391,410,308,324
923,436,450,308,325
924,529,553,309,332
925,665,684,309,336
926,336,358,310,338
927,354,365,310,327
928,361,377,310,327
929,576,600,310,335
930,83,102,311,329
931,552,570,311,332
932,595,616,311,327
933,113,134,312,329
934,100,125,314,324
935,152,174,315,336
936,296,307,315,329
937,306,316,315,327
938,500,528,315,340
939,129,143,316,337
940,184,205,316,340
941,208,232,316,337
942,439,465,316,338
943,11,32,317,339
944,136,159,317,339
945,642,659,317,337
946,168,190,318,343
947,259,281,318,341
948,329,347,318,338
949,1,14,319,336
950,310,330,319,336
951,370,391,319,334
952,604,623,319,342
953,619,633,319,340
954,387,416,320,339
955,482,502,321,339
956,29,45,322,339
957,44,66,322,340
958,94,116,322,344
959,302,311,322,334
960,426,440,322,336
961,628,648,322,342
962,64,89,323,345
963,586,608,323,344
964,109,131,324,340
965,289,306,324,344
966,542,561,324,339
967,225,248,325,347
968,465,483,325,340
969,86,98,326,345
970,201,217,326,343
971,279,292,326,344
972,356,379,326,348
973,414,427,326,340
974,424,453,326,347
975,559,580,326,346
976,527,538,327,349
977,653,684,327,348
978,240,263,328,351
979,380,391,328,341
980,374,385,329,348
981,580,598,329,348
982,453,466,330,344
983,519,529,330,347
984,531,550,330,350
985,98,113,331,351
986,305,328,331,354
987,493,507,331,349
988,508,521,332,343
989,33,53,333,353
990,143,163,333,353
991,335,352,333,351
992,52,75,334,355
993,210,236,334,358
994,471,494,334,355
995,1,18,335,353
996,123,147,335,358
997,153,168,335,357
998,165,184,335,349
999,393,417,335,352
1000,640,655,335,359
1001,15,34,336,354
1002,292,306,336,354
1003,321,340,336,356
1004,343,361,336,365
1005,461,473,336,350
1006,107,125,337,357
1007,378,397,337,355
1008,416,426,337,349
1009,622,635,337,362
1010,86,107,338,362
1011,277,293,338,353
1012,545,566,338,358
1013,601,617,338,357
1014,180,203,339,354
1015,262,282,339,361
1016,434,463,339,365
1017,561,580,339,360
1018,423,441,340,356
1019,504,531,340,363
1020,630,644,340,358
1021,193,215,341,362
1022,579,593,341,359
1023,605,627,341,367
1024,72,89,343,360
1025,590,607,343,362
1026,229,249,345,358
1027,248,264,345,360
1028,349,370,345,367
1029,653,684,345,371
1030,160,181,346,371
1031,97,113,347,365
1032,365,382,347,358
1033,404,425,347,367
1034,494,515,347,370
1035,388,405,348,368
1036,459,471,348,369
1037,109,124,349,369
1038,123,139,349,364
1039,530,552,349,367
1040,133,157,350,369
1041,179,197,350,370
1042,276,299,350,370
1043,298,319,350,371
1044,332,347,350,367
1045,1,16,352,366
1046,31,53,352,371
1047,479,497,352,369
1048,14,34,353,370
1049,319,334,353,367
1050,377,395,353,368
1051,470,482,353,371
1052,51,75,354,374
1053,218,235,354,372
1054,246,272,354,377
1055,312,323,354,367
1056,639,653,354,381
1057,229,242,355,368
1058,236,251,355,370
1059,361,379,355,372
1060,413,444,355,377
1061,563,581,355,374
1062,580,600,355,373
1063,144,163,356,384
1064,204,222,356,375
1065,627,641,356,373
1066,548,567,358,371
1067,71,87,359,378
1068,86,101,359,378
1069,121,136,359,376
1070,514,534,359,379
1071,262,282,360,384
1072,599,612,360,373
1073,82,91,361,384
1074,187,206,361,380
1075,381,397,361,379
1076,445,467,361,381
1077,617,631,361,384
1078,88,106,364,386
1079,102,122,364,383
1080,164,188,364,388
1081,345,364,364,380
1082,366,384,364,380
1083,435,450,364,382
1084,606,618,364,381
1085,1,18,365,383
1086,290,315,365,389
1087,318,334,365,381
1088,500,518,365,383
1089,531,551,365,384
1090,585,612,365,387
1091,646,662,365,386
1092,331,346,366,383
1093,393,418,366,387
1094,479,501,366,385
1095,463,480,367,385
1096,574,586,367,381
1097,35,54,368,385
1098,134,150,368,392
1099,223,244,368,385
1100,277,293,368,384
1101,15,37,369,389
1102,233,264,369,399
1103,561,573,369,385
1104,654,684,369,398
1105,151,170,370,393
1106,308,325,370,385
1107,626,637,370,384
1108,53,71,371,385
1109,549,561,371,381
1110,636,643,371,388
1111,202,219,372,391
1112,218,233,372,385
1113,358,377,372,395
1114,69,80,374,385
1115,119,140,374,394
1116,512,526,374,390
1117,519,531,374,393
1118,568,590,374,397
1119,339,357,375,396
1120,412,429,375,389
1121,426,437,375,386
1122,175,196,376,391
1123,373,394,376,398
1124,82,90,377,400
1125,193,213,377,393
1126,76,82,378,399
1127,91,108,378,394
1128,322,340,378,397
1129,452,468,378,396
1130,434,454,379,397
1131,547,568,379,397
1132,621,636,379,392
1133,103,122,380,403
1134,274,296,380,403
1135,344,366,380,407
1136,611,622,380,396
1137,642,656,380,399
1138,38,58,381,397
1139,57,78,381,400
1140,258,276,381,400
1141,475,484,381,395
1142,501,519,381,398
1143,529,549,381,403
1144,1,21,382,401
1145,391,412,382,404
1146,478,502,382,400
1147,218,234,383,399
1148,307,324,383,398
1149,464,477,383,401
1150,20,41,384,403
1151,126,153,384,405
1152,293,315,384,401
1153,409,424,384,398
1154,588,609,384,399
1155,634,645,384,404
1156,150,179,385,414
1157,605,625,385,413
1158,83,95,386,418
1159,424,437,386,397
1160,187,207,388,407
1161,170,189,390,415
1162,206,219,390,403
1163,375,397,390,413
1164,621,641,390,410
1165,109,130,391,415
1166,325,346,391,413
1167,441,466,391,408
1168,511,532,391,420
1169,561,575,391,405
1170,570,597,391,421
1171,77,85,393,417
1172,93,113,393,415
1173,243,260,393,406
1174,652,671,393,417
1175,670,684,393,410
1176,228,243,394,411
1177,258,278,394,411
1178,363,378,394,411
1179,405,428,394,413
1180,461,485,394,422
1181,36,62,395,416
1182,208,230,395,415
1183,547,558,395,409
1184,642,655,395,417
1185,61,79,396,415
1186,344,363,396,414
1187,427,443,396,414
1188,481,505,396,416
1189,500,514,396,410
1190,313,329,397,413
1191,551,564,397,419
1192,17,37,398,414
1193,153,165,398,410
1194,295,314,398,415
1195,595,607,398,421
1196,1,19,400,413
1197,273,297,400,421
1198,537,558,401,424
1199,129,153,402,419
1200,394,406,402,413
1201,528,542,402,427
1202,198,217,403,427
1203,563,575,403,425
1204,633,644,403,419
1205,186,202,404,419
1206,237,260,404,419
1207,619,636,404,429
1208,223,238,405,427
1209,151,167,406,425
1210,440,463,406,423
1211,330,358,407,426
1212,357,378,407,425
1213,656,684,407,432
1214,52,77,408,433
1215,90,108,408,425
1216,300,316,408,420
1217,375,396,408,426
1218,411,432,408,425
1219,32,52,409,430
1220,84,92,409,428
1221,257,277,409,428
1222,395,411,409,426
1223,423,447,410,432
1224,457,476,410,427
1225,500,520,410,426
1226,75,86,411,429
1227,105,129,411,432
1228,214,232,411,432
1229,307,331,411,432
1230,555,573,411,430
1231,642,654,411,431
1232,1,19,412,430
1233,127,148,412,431
1234,164,179,412,433
1235,605,621,412,429
1236,16,34,413,430
1237,476,502,413,434
1238,178,191,415,430
1239,292,308,415,436
1240,634,645,415,437
1241,146,159,416,432
1242,188,206,416,436
1243,572,590,416,436
1244,650,667,416,444
1245,235,261,417,437
1246,402,424,417,443
1247,274,294,418,436
1248,319,343,418,438
1249,515,536,418,439
1250,591,610,418,441
1251,391,403,419,435
1252,154,169,420,437
1253,306,321,420,436
1254,343,365,421,434
1255,357,381,421,451
1256,579,593,421,440
1257,82,90,422,450
1258,91,108,422,439
1259,442,463,422,444
1260,462,481,422,443
1261,60,84,423,447
1262,500,517,423,442
1263,534,556,423,441
1264,584,598,423,442
1265,373,399,424,448
1266,35,60,425,446
1267,640,651,425,451
1268,142,154,426,442
1269,172,184,426,439
1270,196,218,426,455
1271,218,239,426,447
1272,125,145,427,453
1273,258,279,427,449
1274,419,446,427,450
1275,479,494,427,448
1276,554,569,427,445
1277,565,584,427,451
1278,608,623,427,441
1279,86,95,428,447
1280,304,323,428,443
1281,616,636,428,445
1282,1,19,429,442
1283,17,36,429,446
1284,105,127,429,446
1285,181,200,429,444
1286,457,465,429,444
1287,288,307,430,448
1288,324,350,431,452
1289,658,684,431,464
1290,161,183,432,450
1291,234,258,432,448
1292,277,298,432,446
1293,345,364,432,450
1294,487,507,432,455
1295,144,158,433,446
1296,394,405,433,445
1297,515,532,433,449
1298,51,78,435,460
1299,302,329,435,453
1300,155,167,436,454
1301,456,474,436,458
1302,527,551,436,458
1303,628,641,436,453
1304,93,111,437,460
1305,253,268,437,461
1306,447,458,437,451
1307,647,660,438,463
1308,1,20,439,459
1309,407,426,439,456
1310,546,566,439,461
1311,579,601,439,460
1312,185,202,440,457
1313,213,226,440,453
1314,502,520,440,460
1315,598,616,440,459
1316,32,53,441,463
1317,118,140,441,460
1318,269,286,441,459
1319,473,488,441,458
1320,368,399,442,462
1321,609,622,442,461
1322,102,124,443,464
1323,164,194,443,473
1324,280,306,443,463
1325,396,411,443,459
1326,426,447,443,465
1327,634,648,443,463
1328,15,34,444,464
1329,140,158,444,458
1330,444,460,444,463
1331,619,638,444,460
1332,76,87,445,460
1333,86,99,445,470
1334,231,255,445,455
1335,219,238,446,467
1336,316,333,446,461
1337,343,367,446,466
1338,563,579,446,458
1339,303,321,447,474
1340,329,346,447,463
1341,516,537,447,465
1342,261,279,448,469
1343,408,429,448,470
1344,123,141,451,472
1345,199,212,451,464
1346,352,372,451,476
1347,152,167,452,468
1348,211,221,452,462
1349,237,263,452,473
1350,389,413,452,476
1351,484,498,452,474
1352,570,597,452,485
1353,653,673,452,475
1354,58,81,453,473
1355,85,93,453,473
1356,560,578,453,474
1357,493,506,454,465
1358,593,612,454,474
1359,643,654,454,483
1360,310,331,455,476
1361,536,545,455,467
1362,369,385,456,476
1363,419,442,456,479
1364,454,475,456,477
1365,467,485,456,479
1366,37,61,457,479
1367,140,160,457,479
1368,188,204,457,476
1369,524,547,457,483
1370,546,565,457,479
1371,630,645,457,478
1372,292,312,458,478
1373,378,394,458,475
1374,492,519,458,484
1375,616,639,458,476
1376,1,19,459,474
1377,77,89,459,475
1378,93,108,459,475
1379,208,221,459,468
1380,275,294,459,477
1381,18,38,460,479
1382,128,147,460,489
1383,232,254,460,479
1384,329,353,460,485
1385,440,456,461,479
1386,609,625,461,476
1387,104,121,462,480
1388,157,176,462,484
1389,113,130,463,486
1390,202,216,463,473
1391,658,684,463,492
1392,216,233,464,481
1393,514,526,464,480
1394,337,361,466,491
1395,646,661,467,489
1396,196,223,468,493
1397,251,276,468,489
1398,308,337,468,492
1399,403,420,468,481
1400,411,441,468,491
1401,173,195,469,491
1402,84,96,470,495
1403,79,91,471,494
1404,273,286,471,486
1405,284,309,471,497
1406,603,612,471,488
1407,1,22,472,491
1408,58,83,472,491
1409,361,380,472,490
1410,378,408,472,502
1411,482,501,472,492
1412,556,580,472,496
1413,580,609,473,501
1414,612,632,473,495
1415,93,117,474,497
1416,470,486,474,496
1417,533,557,474,498
1418,607,616,474,489
1419,441,460,475,490
1420,458,472,475,489
1421,628,645,475,500
1422,36,59,476,494
1423,145,162,476,491
1424,191,212,476,500
1425,19,36,477,493
1426,165,183,477,495
1427,215,240,477,499
1428,237,261,477,498
1429,513,533,478,495
1430,502,518,479,491
1431,343,362,480,499
1432,403,430,481,512
1433,306,324,482,497
1434,416,434,482,496
1435,427,449,482,510
1436,633,648,482,507
1437,369,383,483,497
1438,493,508,483,507
1439,621,635,483,504
1440,122,144,484,502
1441,156,180,484,503
1442,52,75,485,503
1443,108,126,485,503
1444,178,194,485,504
1445,270,290,485,508
1446,298,309,485,497
1447,257,273,486,502
1448,325,346,486,512
1449,345,373,486,511
1450,565,595,486,521
1451,72,86,487,501
1452,462,473,487,497
1453,642,660,487,505
1454,1,16,488,506
1455,130,152,488,520
1456,302,327,488,511
1457,443,464,488,510
1458,609,621,488,509
1459,15,32,489,507
1460,84,99,489,511
1461,460,482,489,511
1462,503,515,489,508
1463,657,684,489,510
1464,32,53,490,510
1465,143,169,490,517
1466,93,112,491,511
1467,480,495,491,508
1468,515,536,492,513
1469,201,222,493,511
1470,216,239,493,512
1471,290,306,493,507
1472,549,573,493,522
1473,170,188,494,514
1474,371,385,494,507
1475,389,409,494,510
1476,593,612,494,514
1477,532,541,495,513
1478,563,575,495,509
1479,239,258,496,511
1480,540,553,496,508
1481,186,203,497,512
1482,86,98,498,519
1483,501,521,498,519
1484,74,92,499,514
1485,235,252,499,511
1486,618,633,499,519
1487,120,137,500,517
1488,255,274,500,518
1489,48,75,501,522
1490,159,178,501,522
1491,373,391,501,521
1492,641,663,501,520
1493,108,124,502,520
1494,296,316,502,530
1495,27,48,503,520
1496,282,298,503,516
1497,1,13,504,520
1498,192,211,504,521
1499,487,505,504,527
1500,628,643,504,526
1501,11,30,505,525
1502,437,463,505,528
1503,523,536,505,518
1504,98,111,506,526
1505,334,353,506,528
1506,360,376,506,520
1507,419,436,506,522
1508,470,491,506,521
1509,662,684,506,520
1510,269,286,507,523
1511,387,404,507,529
1512,528,549,507,526
1513,542,554,507,516
1514,598,619,507,528
1515,224,244,508,528
1516,314,337,508,527
1517,397,421,508,532
1518,210,226,509,521
1519,347,367,509,528
1520,459,487,509,539
1521,66,90,510,534
1522,241,263,510,530
1523,418,443,510,543
1524,185,201,511,529
1525,500,525,511,535
1526,29,51,512,532
1527,87,99,512,529
1528,172,189,512,534
1529,575,593,512,533
1530,95,109,513,535
1531,210,233,513,535
1532,588,599,513,522
1533,637,658,513,533
1534,121,140,514,533
1535,197,217,514,536
1536,280,298,514,527
1537,151,178,515,533
1538,605,625,515,539
1539,623,631,515,538
1540,657,684,515,537
1541,106,124,516,535
1542,260,283,516,539
1543,376,395,516,531
1544,48,67,517,535
1545,1,20,518,536
1546,136,161,518,537
1547,305,331,518,538
1548,365,380,518,530
1549,518,535,518,540
1550,553,580,518,544
1551,17,33,521,534
1552,534,547,521,538
1553,543,559,521,533
1554,586,595,521,534
1555,591,602,521,534
1556,116,137,523,547
1557,329,351,524,549
1558,348,369,524,546
1559,434,463,524,552
1560,453,474,524,547
1561,474,492,524,544
1562,624,637,524,551
1563,231,249,525,541
1564,279,299,525,542
1565,408,421,526,538
1566,488,501,526,542
1567,643,669,526,551
1568,86,102,527,542
1569,182,203,527,545
1570,245,264,527,551
1571,319,339,527,542
1572,99,112,528,552
1573,226,247,528,552
1574,297,315,528,547
1575,364,385,528,550
1576,392,408,528,544
1577,571,591,528,551
1578,589,607,528,545
1579,593,620,528,550
1580,634,648,528,548
1581,151,165,529,552
1582,162,186,529,552
1583,378,401,529,552
1584,257,276,530,550
1585,32,51,531,549
1586,210,227,531,548
1587,49,68,532,550
1588,68,88,532,549
1589,132,154,532,552
1590,401,414,532,546
1591,499,516,532,551
1592,542,564,532,550
1593,14,34,533,554
1594,107,125,533,554
1595,412,426,533,549
1596,484,504,533,558
1597,309,320,534,546
1598,512,523,534,554
1599,665,684,534,556
1600,200,213,535,552
1601,524,545,535,556
1602,1,19,536,552
1603,479,490,536,550
1604,617,626,536,555
1605,344,371,537,556
1606,273,292,538,560
1607,424,438,538,550
1608,317,335,539,553
1609,84,107,540,563
1610,183,206,540,565
1611,512,532,540,566
1612,560,577,540,559
1613,167,188,541,564
1614,283,302,541,555
1615,289,311,541,565
1616,467,484,541,561
1617,503,515,541,559
1618,392,418,542,566
1619,585,596,543,562
1620,307,325,544,566
1621,625,644,544,564
1622,123,139,545,566
1623,211,233,546,562
1624,239,261,546,569
1625,328,354,546,567
1626,447,469,546,565
1627,531,550,546,570
1628,595,618,546,565
1629,27,49,547,567
1630,47,65,547,564
1631,63,86,547,567
1632,615,627,547,566
1633,105,119,548,561
1634,136,153,548,571
1635,149,170,548,569
1636,364,383,548,565
1637,420,445,548,567
1638,437,451,548,567
1639,549,567,548,566
1640,14,30,549,569
1641,225,250,549,571
1642,260,274,549,561
1643,381,394,549,561
1644,412,427,549,565
1645,644,669,549,570
1646,1,14,550,568
1647,202,218,550,565
1648,575,590,550,572
1649,116,131,551,569
1650,480,501,551,566
1651,567,580,551,568
1652,272,288,552,563
1653,351,366,552,568
1654,384,411,552,578
1655,319,341,553,572
1656,669,684,554,570
1657,625,655,555,586
1658,116,129,556,570
1659,497,515,556,578
1660,457,468,557,572
1661,466,477,557,573
1662,101,123,558,581
1663,603,616,558,579
1664,614,629,558,579
1665,80,102,559,581
1666,256,278,559,573
1667,561,578,559,581
1668,585,607,559,585
1669,277,297,560,580
1670,471,488,560,580
1671,482,498,560,583
1672,538,563,560,582
1673,45,65,561,577
1674,194,215,561,587
1675,211,225,561,576
1676,221,245,561,583
1677,377,409,561,586
1678,165,191,562,584
1679,185,197,562,582
1680,408,434,562,582
1681,511,526,562,583
1682,292,303,563,580
1683,299,319,563,583
1684,441,461,563,579
1685,655,675,563,582
1686,26,48,564,584
1687,129,144,564,583
1688,135,153,564,578
1689,312,332,564,585
1690,331,350,564,584
1691,361,380,564,577
1692,524,538,564,583
1693,12,29,565,582
1694,61,82,565,585
1695,350,367,566,581
1696,1,15,567,581
1697,242,263,567,580
1698,428,455,567,600
1699,150,171,568,583
1700,261,286,568,593
1701,601,616,569,590
1702,674,684,569,581
1703,116,134,570,587
1704,371,398,570,600
1705,414,438,570,585
1706,577,593,570,587
1707,455,481,571,598
1708,504,523,573,591
1709,277,294,574,596
1710,357,374,574,590
1711,493,508,574,592
1712,611,636,574,595
1713,211,226,575,590
1714,590,604,575,598
1715,43,63,576,593
1716,95,116,576,596
1717,139,155,576,585
1718,338,358,576,594
1719,12,31,577,597
1720,150,168,577,591
1721,244,269,577,597
1722,528,547,577,600
1723,75,96,578,596
1724,124,149,578,604
1725,546,564,578,594
1726,635,656,578,597
1727,232,248,579,600
1728,293,304,579,595
1729,561,578,579,601
1730,654,672,579,599
1731,1,13,580,596
1732,55,78,580,604
1733,177,201,580,601
1734,219,237,580,600
1735,302,319,580,595
1736,396,423,580,605
1737,443,462,580,602
1738,475,496,580,598
1739,670,684,580,598
1740,144,162,581,600
1741,165,181,581,596
1742,319,342,581,603
1743,413,433,581,601
1744,29,48,582,599
1745,521,532,582,596
1746,108,127,583,607
1747,196,206,583,592
1748,575,594,583,601
1749,154,173,584,604
1750,194,217,585,612
1751,503,534,585,606
1752,355,375,586,601
1753,596,612,586,607
1754,337,356,588,612
1755,383,404,589,607
1756,589,602,589,607
1757,78,100,590,614
1758,166,186,590,608
1759,212,233,590,613
1760,486,506,590,612
1761,541,565,590,610
1762,626,650,590,616
1763,17,35,591,613
1764,300,324,591,610
1765,608,628,591,613
1766,39,63,592,615
1767,263,282,593,614
1768,281,307,593,614
1769,470,486,593,611
1770,96,117,594,614
1771,242,265,594,614
1772,349,367,594,609
1773,456,476,594,618
1774,1,20,595,614
1775,63,82,595,614
1776,179,202,595,614
1777,392,415,595,615
1778,648,669,595,618
1779,367,384,596,612
1780,428,444,596,616
1781,559,579,596,610
1782,667,684,596,616
1783,24,44,597,621
1784,140,163,597,622
1785,411,430,597,608
1786,226,249,598,626
1787,274,290,598,610
1788,572,590,598,619
1789,160,178,599,617
1790,317,336,599,614
1791,530,552,599,619
1792,473,497,600,625
1793,595,613,600,620
1794,121,142,601,624
1795,439,459,601,617
1796,331,348,602,620
1797,499,517,602,617
1798,506,523,602,623
1799,172,189,603,621
1800,583,598,603,620
1801,407,436,604,622
1802,46,69,605,627
1803,519,537,605,628
1804,305,320,606,623
1805,380,402,606,623
1806,108,125,607,627
1807,292,311,607,626
1808,551,574,607,626
1809,70,91,608,629
1810,184,207,608,625
1811,348,366,608,625
1812,362,385,608,631
1813,441,462,608,629
1814,14,34,609,631
1815,199,217,609,625
1816,279,294,609,626
1817,618,639,609,633
1818,314,338,610,627
1819,488,510,610,629
1820,531,541,610,619
1821,571,586,610,626
1822,89,112,611,632
1823,214,237,611,629
1824,247,265,611,625
1825,258,282,611,631
1826,1,18,612,632
1827,599,629,612,641
1828,33,52,613,632
1829,57,77,613,635
1830,634,655,613,640
1831,546,561,614,633
1832,654,674,614,635
1833,153,177,615,639
1834,338,356,615,638
1835,396,419,615,636
1836,672,684,615,630
1837,174,191,616,633
1838,418,444,616,644
1839,459,477,616,632
1840,570,588,616,636
1841,582,601,616,636
1842,510,528,617,638
1843,283,295,618,632
1844,527,549,618,643
1845,134,156,619,642
1846,185,206,620,634
1847,325,342,620,635
1848,381,400,620,640
1849,201,220,621,638
1850,495,521,621,649
1851,547,571,621,639
1852,116,136,622,642
1853,292,310,622,646
1854,305,326,622,644
1855,474,497,622,649
1856,79,93,623,638
1857,237,264,623,644
1858,357,371,623,634
1859,212,230,624,638
1860,433,447,624,642
1861,559,574,624,638
1862,351,368,625,641
1863,447,464,625,642
1864,47,64,626,645
1865,229,247,626,638
1866,259,286,626,647
1867,14,32,627,645
1868,105,119,627,643
1869,441,451,627,642
1870,1,16,628,645
1871,64,84,628,647
1872,462,476,628,645
1873,669,684,628,641
1874,29,49,629,647
1875,87,107,630,646
1876,368,385,630,648
1877,647,670,630,652
1878,169,189,631,650
1879,187,208,631,655
1880,274,295,631,654
1881,404,426,631,648
1882,570,593,631,654
1883,590,613,631,657
1884,626,647,631,661
1885,319,344,632,654
1886,392,406,632,648
1887,200,219,633,647
1888,223,242,633,649
1889,519,540,633,653
1890,559,575,634,650
1891,451,464,635,652
1892,212,234,636,648
1893,342,359,636,652
1894,354,381,636,658
1895,543,562,636,650
1896,240,257,637,651
1897,380,404,637,658
1898,611,632,637,657
1899,74,90,638,659
1900,155,172,638,655
1901,437,454,638,656
1902,531,549,638,654
1903,137,156,639,658
1904,291,312,639,660
1905,665,684,639,654
1906,424,441,640,657
1907,465,492,640,661
1908,119,138,641,659
1909,16,34,642,664
1910,59,75,642,661
1911,89,105,642,657
1912,104,121,642,658
1913,255,279,642,654
1914,305,331,642,663
1915,1,19,643,661
1916,46,60,643,660
1917,541,562,643,658
1918,31,47,644,660
1919,497,520,644,662
1920,203,224,645,665
1921,219,236,645,660
1922,457,480,645,674
1923,491,504,645,660
1924,413,430,646,670
1925,235,257,647,658
1926,555,578,647,670
1927,402,417,648,659
1928,437,460,648,675
1929,643,667,648,670
1930,168,188,649,666
1931,467,494,649,675
1932,527,545,649,665
1933,331,350,650,664
1934,376,391,650,667
1935,390,407,650,673
1936,403,414,650,657
1937,576,598,650,674
1938,123,146,651,672
1939,230,247,651,667
1940,255,273,651,662
1941,346,366,651,667
1942,510,531,651,668
1943,89,108,652,673
1944,184,207,652,674
1945,266,289,652,664
1946,280,309,652,667
1947,490,511,652,675
1948,598,615,653,672
1949,631,643,653,666
1950,664,684,653,670
1951,151,171,654,673
1952,518,533,654,668
1953,538,556,654,674
1954,244,266,655,677
1955,362,381,655,675
1956,614,633,655,672
1957,303,328,656,670
1958,427,443,656,676
1959,30,50,657,675
1960,47,65,657,678
1961,76,95,657,679
1962,101,124,657,679
1963,214,233,657,681
1964,12,30,658,686
1965,136,157,658,679
1966,399,429,658,681
1967,1,14,659,671
1968,63,77,659,678
1969,262,279,660,681
1970,272,295,660,678
1971,326,348,662,674
1972,521,546,662,682
1973,639,657,662,686
1974,195,220,663,688
1975,286,306,663,675
1976,510,529,663,681
1977,107,131,664,687
1978,227,251,664,686
1979,544,573,664,690
1980,345,368,665,679
1981,378,400,665,683
1982,623,640,665,686
1983,167,188,666,684
1984,301,322,666,677
1985,501,518,666,680
1986,22,48,667,688
1987,590,610,668,691
1988,607,628,668,691
1989,662,684,668,687
1990,85,108,669,689
1991,319,337,669,678
1992,570,593,669,693
1993,646,668,669,690
1994,1,19,670,690
1995,485,504,670,682
1996,469,488,671,683
1997,119,140,672,693
1998,153,170,672,689
1999,44,65,673,692
2000,63,78,673,689
2001,71,89,673,697
2002,181,198,673,690
2003,335,353,673,682
2004,367,391,673,684
2005,436,466,673,683
2006,242,267,674,698
2007,269,294,674,700
2008,291,314,674,697
2009,304,329,674,688
2010,453,474,674,685
2011,419,441,675,686
2012,499,516,676,690
2013,18,40,677,699
2014,360,380,677,690
2015,136,155,678,694
2016,328,353,678,691
2017,347,366,678,690
2018,395,419,678,688
2019,518,539,678,701
2020,536,560,678,704
2021,482,504,679,690
2022,257,277,680,705
2023,8,32,681,706
2024,163,185,681,708
2025,213,231,681,701
2026,314,340,681,702
2027,438,459,681,690
2028,506,522,681,701
2029,105,123,682,701
2030,424,442,682,692
2031,453,473,682,693
2032,470,487,682,693
2033,627,647,682,702
2034,379,398,683,693
2035,391,411,683,691
2036,1,13,684,700
2037,409,428,684,693
2038,650,670,684,703
2039,667,684,685,705
2040,198,216,686,704
2041,229,247,686,702
2042,559,578,686,705
2043,609,630,686,703
2044,639,656,686,705
2045,31,47,687,703
2046,60,77,687,706
2047,89,106,687,705
2048,148,167,687,708
2049,183,202,687,708
2050,346,370,687,707
2051,367,393,687,702
2052,485,508,687,708
2053,438,457,688,705
2054,77,92,689,705
2055,303,330,689,716
2056,417,440,689,702
2057,575,595,689,708
2058,592,611,689,706
2059,45,61,690,707
2060,120,138,690,706
2061,328,349,690,708
2062,392,418,690,699
2063,452,472,690,708
2064,471,488,690,708
2065,135,149,692,707
2066,286,306,694,718
2067,384,405,694,715
2068,404,425,696,714
2069,243,261,697,718
2070,361,390,697,727
2071,421,445,697,724
2072,507,529,697,724
2073,170,195,698,719
2074,528,545,698,722
2075,1,17,699,716
2076,26,46,699,718
2077,104,123,699,721
2078,270,287,699,717
2079,606,625,700,719
2080,623,641,700,722
2081,652,671,700,720
2082,213,230,701,719
2083,229,243,701,716
2084,72,94,702,723
2085,90,106,702,717
2086,543,562,702,722
2087,13,30,703,722
2088,56,74,703,721
2089,194,213,703,719
2090,328,352,703,723
2091,437,456,703,730
2092,492,511,703,725
2093,559,578,703,721
2094,668,684,703,721
2095,117,138,704,725
2096,151,171,704,722
2097,257,273,704,719
2098,455,479,704,733
2099,476,494,704,729
2100,640,653,704,720
2101,44,56,705,719
2102,592,610,705,722
2103,136,152,706,719
2104,347,370,706,730
2105,578,594,706,721
2106,168,188,707,735
2107,410,431,708,732
2108,309,333,710,733
2109,377,397,710,734
2110,396,413,710,736
2111,564,585,713,736
2112,30,51,714,735
2113,183,201,714,737
2114,274,292,714,735
2115,90,108,715,736
2116,147,163,715,735
2117,160,177,715,735
2118,228,248,715,735
2119,290,311,715,736
2120,1,17,716,734
2121,49,63,716,731
2122,78,96,716,736
2123,60,81,717,736
2124,137,150,717,733
2125,199,213,717,732
2126,258,277,717,737
2127,210,231,718,740
2128,247,259,718,732
2129,652,669,718,734
2130,14,34,719,739
2131,104,123,719,739
2132,121,142,719,739
2133,515,534,719,743
2134,547,566,719,738
2135,608,623,719,736
2136,621,640,719,741
2137,636,655,719,739
2138,485,508,720,740
2139,533,548,720,738
2140,578,598,720,741
2141,668,684,720,735
2142,595,611,721,737
2143,333,352,722,737
2144,422,444,723,748
2145,503,522,723,757
2146,322,336,725,740
2147,367,385,727,749
2148,470,493,728,756
2149,44,63,729,749
2150,151,171,729,749
2151,195,213,729,750
2152,304,323,729,749
2153,348,367,729,750
2154,451,471,729,750
2155,286,307,730,753
2156,441,453,730,746
2157,77,98,731,750
2158,112,130,731,749
2159,135,153,731,750
2160,167,186,731,755
2161,242,263,731,748
2162,271,288,731,749
2163,406,425,731,749
2164,555,576,731,753
2165,651,671,732,751
2166,1,15,733,750
2167,94,112,733,752
2168,225,244,733,753
2169,384,399,733,746
2170,13,32,734,755
2171,30,49,734,752
2172,60,79,734,751
2173,206,226,734,757
2174,317,334,734,752
2175,536,556,734,752
2176,573,592,734,756
2177,609,626,734,752
2178,184,199,735,753
2179,626,644,735,754
2180,668,684,735,752
2181,396,408,736,751
2182,525,538,736,748
2183,592,611,736,756
2184,121,140,737,756
2185,259,275,737,751
2186,333,350,737,751
2187,642,656,737,755
2188,490,513,738,759
2189,321,341,742,763
2190,514,527,742,757
2191,104,121,744,763
2192,239,262,744,766
2193,162,179,745,766
2194,380,402,745,764
2195,438,455,745,762
2196,73,90,746,767
2197,87,107,746,767
2198,209,230,746,766
2199,354,370,746,763
2200,419,440,746,767
2201,147,165,747,766
2202,274,289,747,763
2203,288,307,747,767
2204,338,356,747,767
2205,404,420,747,762
2206,453,478,747,769
2207,521,538,747,760
2208,45,60,748,765
2209,58,76,748,768
2210,134,153,748,764
2211,305,322,748,766
2212,366,384,748,768
2213,621,636,748,763
2214,1,18,749,769
2215,191,210,749,768
2216,226,247,749,767
2217,537,561,749,771
2218,560,583,749,772
2219,582,597,749,763
2220,650,668,749,769
2221,16,33,750,769
2222,116,137,750,769
2223,177,193,750,766
2224,397,409,750,764
2225,606,624,750,767
2226,667,684,750,767
2227,30,47,751,766
2228,257,277,751,768
2229,635,651,751,766
2230,476,501,752,774
2231,594,608,754,766
2232,512,524,755,770
2233,499,513,756,768
2234,314,338,757,778
2235,520,542,758,777
2236,222,245,759,781
2237,407,423,759,780
2238,578,596,759,777
2239,623,643,759,778
2240,165,183,760,777
2241,94,110,761,781
2242,108,121,761,777
2243,350,369,761,783
2244,436,458,761,782
2245,63,82,762,781
2246,206,224,762,787
2247,274,289,762,779
2248,332,351,762,782
2249,134,153,763,782
2250,181,199,763,782
2251,242,260,763,790
2252,380,399,763,785
2253,397,410,763,779
2254,606,625,763,781
2255,641,657,763,780
2256,14,32,764,783
2257,30,48,764,782
2258,47,65,764,785
2259,149,170,764,787
2260,80,96,765,794
2261,287,305,765,782
2262,417,438,765,785
2263,561,585,765,790
2264,593,608,765,779
2265,653,672,765,784
2266,258,277,766,787
2267,303,322,766,786
2268,366,382,766,783
2269,457,480,766,783
2270,544,563,766,782
2271,670,684,766,780
2272,1,15,767,781
2273,117,137,767,786
2274,193,212,767,789
2275,500,515,767,781
2276,508,528,769,794
2277,525,551,769,794
2278,493,502,770,781
2279,477,495,772,790
2280,555,578,772,799
2281,594,615,774,794
2282,620,637,774,794
2283,166,186,775,793
2284,231,246,775,793
2285,579,599,775,795
2286,635,653,775,794
2287,106,124,776,797
2288,214,234,776,798
2289,320,338,777,796
2290,61,83,778,800
2291,277,293,778,798
2292,12,29,779,798
2293,28,46,779,797
2294,90,109,779,798
2295,134,156,779,801
2296,363,378,779,796
2297,394,413,779,796
2298,411,428,779,799
2299,426,445,779,801
2300,443,462,779,798
2301,542,558,779,801
2302,666,684,779,795
2303,1,13,780,794
2304,45,64,780,797
2305,180,200,780,801
2306,261,277,780,797
2307,291,309,780,798
2308,349,364,780,797
2309,377,395,780,797
2310,491,501,780,790
2311,492,513,780,805
2312,607,629,780,805
2313,650,667,780,795
2314,71,88,781,800
2315,333,351,781,797
2316,461,481,781,796
2317,201,221,782,799
2318,306,327,782,803
2319,154,169,783,798
2320,236,262,783,812
2321,120,137,784,800
2322,247,266,787,811
2323,480,491,787,796
2324,522,542,787,815
2325,505,525,788,811
2326,575,597,788,815
2327,192,216,789,810
2328,75,96,790,813
2329,487,498,790,802
2330,593,612,790,811
2331,636,654,791,813
2332,1,19,792,813
2333,48,66,792,811
2334,164,184,792,812
2335,224,243,792,813
2336,536,561,792,815
2337,559,578,792,814
2338,622,637,792,810
2339,653,669,792,812
2340,18,38,793,813
2341,390,409,793,813
2342,458,480,793,811
2343,335,355,794,813
2344,374,394,794,813
2345,668,684,794,812
2346,35,51,795,813
2347,110,124,795,810
2348,288,304,795,810
2349,319,336,795,813
2350,354,365,795,809
2351,363,379,795,813
2352,406,427,795,813
2353,478,488,795,805
2354,59,78,796,816
2355,93,112,796,816
2356,210,231,796,815
2357,262,276,796,811
2358,272,291,796,816
2359,301,320,796,812
2360,149,168,797,815
2361,443,460,797,811
2362,137,152,798,811
2363,121,139,799,816
2364,178,198,799,821
2365,425,444,799,814
2366,578,594,799,820
2367,483,502,801,822
2368,605,627,802,819
2369,468,488,804,824
2370,498,514,804,824
2371,346,367,805,828
2372,196,216,806,827
2373,15,32,807,825
2374,243,261,807,825
2375,454,472,807,828
2376,512,532,807,830
2377,542,563,807,835
2378,101,119,808,826
2379,286,304,808,825
2380,412,430,808,826
2381,440,456,808,825
2382,589,610,808,830
2383,229,246,809,828
2384,258,276,809,829
2385,327,352,809,832
2386,527,544,809,832
2387,623,642,809,826
2388,1,18,810,831
2389,30,47,810,827
2390,45,63,810,827
2391,80,94,810,825
2392,117,136,810,830
2393,303,321,810,828
2394,319,338,810,830
2395,394,414,810,830
2396,610,626,810,823
2397,641,655,810,823
2398,134,152,811,829
2399,164,182,811,832
2400,562,581,811,828
2401,652,670,811,828
2402,668,684,811,826
2403,62,82,812,830
2404,362,378,812,830
2405,376,395,812,829
2406,427,446,812,830
2407,88,104,813,831
2408,150,165,813,830
2409,272,290,813,832
2410,212,231,814,830
2411,179,194,816,839
2412,188,214,816,844
2413,575,596,817,840
2414,605,627,819,844
2415,486,505,820,841
2416,109,125,821,840
2417,472,489,822,842
2418,561,578,822,836
2419,635,654,822,841
2420,15,32,823,840
2421,60,75,823,838
2422,89,111,823,843
2423,289,307,823,841
2424,457,474,823,842
2425,500,519,823,845
2426,620,640,823,845
2427,75,92,824,841
2428,124,143,824,843
2429,243,262,824,839
2430,440,461,824,844
2431,550,576,824,845
2432,32,48,825,840
2433,153,170,825,840
2434,228,247,825,843
2435,305,325,825,842
2436,380,401,825,844
2437,411,428,825,841
2438,533,551,825,845
2439,668,684,825,842
2440,275,292,826,846
2441,351,369,826,846
2442,512,535,826,850
2443,590,612,826,843
2444,653,668,826,842
2445,46,63,827,843
2446,165,189,827,847
2447,202,221,827,853
2448,259,276,827,843
2449,367,382,827,847
2450,423,443,827,847
2451,1,18,828,843
2452,140,155,828,845
2453,214,230,828,842
2454,322,340,828,846
2455,337,352,828,846
2456,398,416,828,847
2457,60,80,836,853
2458,106,122,836,852
2459,586,610,836,861
2460,147,169,837,865
2461,483,504,837,858
2462,573,591,837,860
2463,17,33,838,853
2464,31,49,838,857
2465,119,139,838,857
2466,288,305,838,855
2467,303,323,838,857
2468,473,489,838,855
2469,621,641,838,858
2470,638,659,838,860
2471,78,94,839,857
2472,91,109,839,857
2473,190,213,839,863
2474,244,261,839,856
2475,458,476,839,857
2476,604,624,839,859
2477,186,194,840,859
2478,213,230,840,854
2479,229,245,840,856
2480,320,338,840,857
2481,377,393,840,854
2482,392,410,840,856
2483,410,428,840,857
2484,557,576,840,859
2485,656,672,840,859
2486,670,684,840,857
2487,542,560,841,860
2488,1,21,842,859
2489,259,276,842,857
2490,502,521,842,859
2491,517,536,842,858
2492,530,546,842,865
2493,47,62,843,859
2494,133,152,843,861
2495,275,288,843,854
2496,442,460,843,862
2497,167,186,844,859
2498,336,352,844,860
2499,351,367,844,858
2500,426,443,844,862
2501,366,381,846,861
2502,61,79,851,872
2503,105,123,851,868
2504,472,493,851,873
2505,591,609,851,869
2506,17,35,852,869
2507,71,91,852,873
2508,197,217,852,872
2509,273,293,852,878
2510,291,308,852,869
2511,393,414,852,874
2512,618,639,852,873
2513,161,181,853,878
2514,180,197,853,872
2515,213,233,853,870
2516,231,248,853,870
2517,243,265,853,876
2518,323,340,853,872
2519,378,394,853,866
2520,48,68,854,875
2521,89,108,854,873
2522,257,276,854,873
2523,491,508,854,870
2524,524,542,854,869
2525,32,50,855,872
2526,135,162,855,876
2527,306,324,855,875
2528,348,362,855,870
2529,453,474,855,874
2530,506,521,855,871
2531,119,139,856,873
2532,359,376,856,873
2533,412,429,856,873
2534,559,578,856,872
2535,637,655,856,873
2536,669,684,856,871
2537,336,356,857,875
2538,516,536,857,875
2539,652,672,857,877
2540,1,19,858,875
2541,439,454,858,872
2542,543,560,858,871
2543,576,594,858,877
2544,606,622,858,873
2545,427,441,859,874
2546,367,389,861,885
2547,385,399,862,884
2548,149,166,864,878
2549,165,185,865,890
2550,229,245,865,885
2551,282,307,865,892
2552,529,549,865,886
2553,76,96,866,889
2554,14,32,867,885
2555,105,122,867,884
2556,212,234,867,888
2557,499,515,867,887
2558,485,501,868,885
2559,590,608,868,887
2560,45,61,869,882
2561,121,139,869,888
2562,240,261,869,890
2563,318,336,869,888
2564,352,369,869,887
2565,467,487,869,888
2566,547,565,869,887
2567,29,46,870,887
2568,59,79,870,890
2569,196,214,870,890
2570,260,280,870,890
2571,391,414,870,891
2572,511,530,870,888
2573,564,582,870,889
2574,667,684,870,889
2575,277,290,871,891
2576,410,424,871,888
2577,423,438,871,888
2578,438,453,871,887
2579,453,469,871,887
2580,619,636,871,890
2581,634,655,871,892
2582,92,110,872,889
2583,150,169,872,894
2584,182,198,872,888
2585,302,322,872,893
2586,603,621,872,890
2587,134,152,873,891
2588,335,355,873,892
2589,1,17,874,888
2590,579,597,875,892
2591,652,669,876,893
2592,41,63,881,902
2593,361,378,881,898
2594,374,395,881,903
2595,107,125,882,899
2596,514,537,882,906
2597,198,217,883,903
2598,208,228,883,905
2599,226,244,883,903
2600,322,339,883,900
2601,487,503,883,902
2602,501,519,883,905
2603,530,551,883,903
2604,14,31,884,904
2605,257,275,884,905
2606,457,474,884,903
2607,440,458,885,903
2608,473,489,885,904
2609,575,594,885,904
2610,592,609,885,903
2611,29,44,886,904
2612,76,94,886,907
2613,163,181,886,905
2614,180,200,886,902
2615,309,323,886,903
2616,349,366,886,904
2617,393,416,886,905
2618,424,441,886,902
2619,561,579,886,905
2620,1,16,887,903
2621,92,111,887,905
2622,121,136,887,902
2623,134,154,887,903
2624,149,166,887,902
2625,272,293,887,906
2626,291,310,887,906
2627,413,425,887,902
2628,546,562,887,905
2629,607,626,887,904
2630,639,656,887,906
2631,58,77,888,906
2632,668,684,888,907
2633,243,260,889,905
2634,336,351,889,905
2635,622,641,889,912
2636,654,669,889,904
2637,318,339,895,916
2638,33,51,897,913
2639,107,124,897,914
2640,230,248,897,918
2641,362,382,897,917
2642,212,234,898,921
2643,518,539,898,922
2644,35,62,899,920
2645,196,215,899,921
2646,534,552,899,922
2647,151,171,900,919
2648,178,199,900,918
2649,379,398,900,919
2650,487,505,900,920
2651,1,21,901,921
2652,121,138,901,918
2653,137,153,901,916
2654,304,321,901,917
2655,397,417,901,920
2656,505,522,901,920
2657,575,593,901,918
2658,590,608,901,920
2659,19,36,902,921
2660,244,263,902,921
2661,262,277,902,919
2662,351,365,902,917
2663,414,426,902,917
2664,425,442,902,918
2665,441,459,902,917
2666,458,473,902,918
2667,471,488,902,921
2668,547,564,902,919
2669,653,671,902,921
2670,275,292,903,920
2671,336,353,903,918
2672,607,628,903,919
2673,58,80,904,921
2674,79,94,904,919
2675,93,109,904,918
2676,168,182,904,920
2677,562,580,904,921
2678,289,307,905,922
2679,639,655,906,922
2680,668,684,906,920
2681,629,641,908,922
2682,104,123,912,930
2683,436,456,912,934
2684,615,636,912,935
2685,72,89,913,930
2686,318,338,913,933
2687,24,45,914,936
2688,595,615,914,935
2689,136,153,915,933
2690,215,237,915,933
2691,349,364,915,931
2692,454,471,915,930
2693,499,515,915,932
2694,578,596,915,934
2695,152,170,916,934
2696,179,201,916,934
2697,198,220,916,937
2698,232,249,916,937
2699,303,320,916,932
2700,362,377,916,936
2701,376,396,916,936
2702,394,412,916,934
2703,424,444,916,937
2704,513,534,916,937
2705,43,61,917,937
2706,87,108,917,936
2707,119,139,917,935
2708,275,292,917,930
2709,335,352,917,935
2710,411,427,917,936
2711,483,501,917,935
2712,547,563,917,933
2713,1,19,918,938
2714,260,276,918,933
2715,468,485,918,935
2716,532,549,918,936
2717,638,651,919,931
2718,650,667,919,937
2719,666,684,919,935
2720,15,30,920,940
2721,58,76,920,938
2722,166,182,920,938
2723,247,264,920,937
2724,559,581,920,939
2725,291,305,921,937
2726,629,642,922,937
2727,272,295,925,949
2728,74,93,928,946
2729,215,237,928,944
2730,453,472,928,947
2731,103,122,929,948
2732,590,608,929,947
2733,136,153,930,951
2734,317,336,930,950
2735,349,369,930,948
2736,636,656,930,951
2737,151,168,931,949
2738,196,216,931,947
2739,300,318,931,946
2740,606,623,931,950
2741,395,415,932,950
2742,439,458,932,953
2743,498,518,932,951
2744,545,561,932,947
2745,29,47,933,952
2746,179,199,933,953
2747,237,259,933,949
2748,258,279,933,952
2749,282,303,933,955
2750,421,440,933,953
2751,529,545,933,949
2752,576,592,933,949
2753,120,139,934,950
2754,334,352,934,951
2755,365,381,934,954
2756,379,396,934,949
2757,622,637,934,951
2758,44,61,935,955
2759,88,107,935,952
2760,407,424,935,953
2761,467,485,935,952
2762,484,500,935,952
2763,653,671,935,954
2764,667,684,935,954
2765,1,20,936,952
2766,60,78,936,953
2767,165,183,936,954
2768,513,533,936,954
2769,560,577,936,950
2770,19,33,937,952
2771,216,240,937,957
2772,305,324,943,966
2773,291,309,944,965
2774,533,551,944,964
2775,592,611,944,962
2776,197,218,945,965
2777,210,232,945,971
2778,380,400,945,961
2779,455,475,945,967
2780,550,564,945,962
2781,644,668,945,969
2782,74,92,946,964
2783,105,123,946,965
2784,152,173,946,968
2785,242,262,946,965
2786,322,340,946,963
2787,625,646,946,966
2788,231,247,947,968
2789,274,293,947,968
2790,350,369,947,964
2791,576,594,947,966
2792,136,158,948,973
2793,424,444,948,964
2794,562,578,948,964
2795,609,626,948,965
2796,121,139,949,967
2797,337,352,949,962
2798,395,413,949,968
2799,472,491,949,969
2800,500,517,949,968
2801,1,17,950,965
2802,16,31,950,965
2803,30,44,950,963
2804,55,77,950,970
2805,186,201,950,968
2806,489,501,950,966
2807,89,107,951,967
2808,172,187,951,968
2809,255,276,951,974
2810,365,385,951,968
2811,441,460,951,969
2812,514,536,951,970
2813,409,428,952,969
2814,667,684,952,965
2815,42,55,953,966
2816,528,549,956,981
2817,658,674,957,978
2818,589,610,958,982
2819,642,660,958,975
2820,208,226,960,980
2821,339,353,960,978
2822,305,323,961,982
2823,381,400,961,978
2824,420,441,961,981
2825,547,564,961,979
2826,1,19,962,979
2827,19,33,962,977
2828,32,45,962,976
2829,102,120,962,982
2830,197,212,962,980
2831,288,308,962,985
2832,322,342,962,982
2833,349,368,962,981
2834,438,457,962,981
2835,563,579,962,978
2836,608,624,962,980
2837,43,61,963,979
2838,76,91,963,979
2839,116,137,963,987
2840,577,591,963,981
2841,624,641,963,980
2842,672,684,963,979
2843,240,258,964,983
2844,271,291,964,986
2845,168,185,965,985
2846,225,241,965,982
2847,455,473,965,983
2848,486,500,965,978
2849,59,81,966,985
2850,87,104,966,982
2851,131,155,966,986
2852,153,170,966,982
2853,184,204,966,987
2854,365,384,966,985
2855,393,410,966,985
2856,499,514,966,981
2857,639,656,966,981
2858,472,487,967,981
2859,511,531,967,987
2860,255,272,968,984
2861,408,426,968,989
2862,530,551,972,994
2863,14,30,974,991
2864,43,64,974,993
2865,651,670,974,992
2866,28,45,975,996
2867,257,281,975,998
2868,596,610,975,995
2869,603,623,975,1000
2870,175,197,976,996
2871,336,353,976,996
2872,376,396,976,997
2873,561,580,976,996
2874,620,636,976,993
2875,1,17,977,994
2876,139,158,977,997
2877,158,177,977,998
2878,211,230,977,996
2879,301,319,977,996
2880,352,369,977,996
2881,443,459,977,995
2882,484,503,977,992
2883,578,599,977,998
2884,636,653,977,994
2885,668,684,977,995
2886,77,90,978,994
2887,425,443,978,997
2888,547,562,978,997
2889,107,126,979,997
2890,197,213,979,997
2891,228,246,979,998
2892,318,337,979,999
2893,471,486,979,993
2894,88,107,980,996
2895,245,260,980,994
2896,458,473,980,994
2897,500,516,980,995
2898,515,538,980,1000
2899,287,305,981,1001
2900,360,381,982,1005
2901,416,430,982,1002
2902,62,79,983,999
2903,122,142,984,1000
2904,391,410,984,1001
2905,276,288,985,997
2906,404,424,986,1011
2907,183,200,987,1006
2908,15,33,989,1007
2909,486,505,989,1009
2910,471,488,990,1008
2911,621,641,990,1010
2912,639,655,990,1009
2913,42,63,991,1010
2914,242,264,991,1013
2915,454,472,991,1009
2916,539,560,991,1009
2917,559,576,991,1009
2918,655,671,991,1008
2919,167,186,992,1011
2920,437,454,992,1010
2921,533,548,992,1013
2922,592,609,992,1010
2923,102,120,993,1013
2924,152,168,993,1009
2925,332,353,993,1010
2926,502,520,993,1012
2927,574,592,993,1011
2928,1,18,994,1013
2929,75,91,994,1014
2930,135,154,994,1013
2931,211,228,994,1011
2932,263,279,994,1011
2933,298,316,994,1009
2934,314,333,994,1011
2935,368,383,994,1010
2936,669,684,994,1008
2937,29,47,995,1013
2938,58,77,995,1014
2939,88,104,995,1010
2940,118,136,995,1013
2941,193,211,995,1011
2942,352,368,995,1012
2943,382,398,995,1010
2944,417,441,995,1015
2945,607,624,995,1011
2946,227,243,996,1012
2947,279,290,996,1007
2948,518,536,999,1013
2949,288,302,1000,1013
2950,395,416,1000,1018
2951,470,490,1004,1025
2952,180,199,1005,1025
2953,12,31,1006,1025
2954,150,171,1006,1025
2955,274,293,1006,1025
2956,363,382,1006,1025
2957,623,641,1006,1025
2958,300,319,1007,1025
2959,489,507,1007,1025
2960,544,562,1007,1025
2961,561,578,1007,1025
2962,577,595,1007,1025
2963,653,670,1007,1025
2964,670,684,1007,1025
2965,46,64,1008,1025
2966,259,275,1008,1025
2967,439,455,1008,1025
2968,453,471,1008,1025
2969,532,544,1008,1025
2970,594,609,1008,1025
2971,640,654,1008,1025
2972,87,107,1009,1025
2973,241,259,1009,1025
2974,318,334,1009,1025
2975,333,352,1009,1025
2976,350,365,1009,1025
2977,505,520,1009,1025
2978,606,624,1009,1025
2979,106,122,1010,1025
2980,169,183,1010,1025
2981,195,213,1010,1025
2982,211,228,1010,1025
2983,380,399,1010,1025
2984,75,88,1011,1025
2985,122,137,1011,1025
2986,136,151,1011,1025
2987,227,242,1011,1025
2988,409,422,1011,1025
2989,1,14,1012,1025
2990,30,47,1012,1025
2991,290,303,1012,1025
2992,422,440,1012,1025
2993,519,534,1012,1025
2994,63,75,1013,1025
2995,398,410,1015,1025
